28
0 40 300 0.0 0 0 0 1.2 0.0 0.0 0 2 knife
1 10 100 0.30 20 4 2100 1.15 1.0 0.0 400 1 glock
2 15 100 0.20 12 6 1900 1.15 1.0 0.0 500 1 usp
3 20 100 0.30 13 5 2000 1.15 1.0 0.0 600 1 p228
4 30 100 0.40 7 6 1600 1.15 1.0 0.0 650 1 deagle
5 15 100 0.10 20 6 2200 1.15 1.0 0.0 750 1 fiveseven
6 15 100 0.30 30 5 3800 1.15 1.0 0.0 1000 1 elite
7 18 1100 0.65 8 5 4000 1.0 1.0 0.0 1700 0 m3
8 18 250 0.50 7 5 2500 1.0 1.0 0.0 3000 0 xm1014
9 11 85 0.55 30 5 1600 1.05 1.0 0.0 1250 0 tmp
10 11 85 0.55 30 4 1850 1.05 1.0 0.0 1700 0 mac10
11 15 90 0.40 30 5 1700 1.05 1.0 0.0 1500 0 mp5
12 20 100 0.35 25 5 1900 1.05 1.0 0.0 1400 0 ump
13 12 70 0.40 50 3 1900 1.05 1.0 0.0 2350 0 p90
14 20 65 0.40 25 4 2000 1.0 1.0 0.0 2250 0 famas
15 25 90 0.40 35 4 1900 1.0 1.0 0.0 2000 0 galil
16 70 1200 0.30 10 10 1500 1.2 2.0 0.30 2750 0 scout
17 25 100 0.25 30 4 2100 1.0 1.0 0.0 3100 0 m4a1
18 30 100 0.35 30 4 2100 1.0 1.0 0.0 2500 0 ak47
19 25 95 0.30 30 4 2500 1.0 1.0 0.0 3500 0 aug
20 25 95 0.30 30 4 2400 1.0 1.0 0.0 3500 0 sg552
21 70 250 0.60 30 4 2200 0.9 2.0 0.15 4200 0 sg550
22 70 300 0.60 20 5 3200 0.9 2.0 0.15 5000 0 g3sg1
23 100 1400 0.60 10 4 2300 0.85 2.0 0.15 4750 0 awp
24 20 95 0.55 100 2 4200 0.85 1.0 0.0 5750 0 m249
25 0 1000 0.0 1 1 0 1.15 0.0 0.0 200 3 flashbang
26 100 1000 0.0 1 1 0 1.15 0.0 0.0 300 3 he-granade
27 0 1000 0.0 1 1 0 1.15 0.0 0.0 300 3 smoke-granade




quad damage delay spread clip #ofclips reloaddelay walkingspeed bulletspeed viewangle money type name